service_id,monday,tuesday,wednesday,thursday,friday,saturday,sunday,start_date,end_date
1,0,0,0,0,0,0,1,20230521,20230528
2,0,0,0,0,1,0,0,20230519,20230526
3,1,1,1,1,1,0,0,20230518,20230531
4,1,1,1,1,1,1,1,20230518,20230630
5,0,0,0,0,0,1,1,20230520,20230528
6,0,0,0,0,0,1,0,20230520,20230527
7,1,1,1,1,0,0,0,20230518,20230531
8,1,0,0,0,0,0,0,20230522,20230522
9,0,1,0,0,0,0,0,20230523,20230523
10,0,0,1,0,0,0,0,20230524,20230524
11,0,0,0,1,0,0,0,20230518,20230525
12,0,0,0,0,0,1,1,20230520,20230527
15,0,0,0,0,0,1,0,20230520,20230812
16,0,0,0,0,0,0,0,20230703,20230731
17,0,1,0,0,0,0,0,20230704,20230808
18,0,0,1,0,0,0,0,20230705,20230809
19,0,0,0,0,0,0,0,20230706,20230810
20,0,0,0,0,0,0,0,20230707,20230811
21,1,0,0,0,0,0,0,20230522,20230626
22,0,1,0,0,0,0,0,20230523,20230627
23,0,0,1,0,0,0,0,20230524,20230628
24,0,0,0,1,0,0,0,20230518,20230629
25,0,0,0,0,1,0,0,20230519,20230630
26,0,0,0,0,0,0,1,20230521,20230806
27,0,0,0,0,0,0,0,20230605,20230807
28,1,1,1,1,1,0,0,20230518,20230630
29,1,1,1,1,1,1,0,20230518,20230630
30,0,0,0,0,0,0,1,20230521,20230625
31,0,0,0,1,1,1,1,20230518,20230521
32,0,0,0,1,1,1,0,20230518,20230520
33,0,0,0,0,0,0,1,20230521,20230521
34,0,0,0,1,1,0,0,20230518,20230519
35,1,1,1,1,1,0,0,20230518,20240517
36,0,0,0,0,0,1,0,20230520,20230624
37,0,0,0,1,1,0,0,20230518,20230630
38,1,1,1,1,1,0,0,20230518,20230630
39,0,0,0,0,0,0,1,20230521,20230625
40,1,1,1,1,1,1,1,20230518,20240517
41,1,1,1,1,1,1,0,20230518,20240517
42,1,1,1,1,1,0,0,20230518,20230929
43,0,0,0,0,1,0,0,20230519,20230929
44,1,0,0,0,0,0,0,20230522,20230925
45,0,1,1,1,0,0,0,20230518,20230928
46,1,1,1,1,1,0,0,20231002,20240517
47,0,0,0,0,1,0,0,20231006,20240517
48,1,0,0,0,0,0,0,20231002,20240513
49,0,1,1,1,0,0,0,20231003,20240516
50,0,0,0,0,0,1,0,20230520,20240511
51,0,1,0,0,0,0,0,20230523,20240514
52,1,1,1,1,1,1,0,20230518,20230926
53,0,0,0,0,0,0,1,20230521,20230924
54,0,0,0,0,0,0,0,20230810,20230810
55,0,0,0,0,1,0,0,20230519,20240517
56,0,0,0,0,0,0,1,20230521,20240512
57,1,1,1,1,1,0,0,20230518,20240517
58,1,1,1,1,0,0,0,20230518,20240516
59,1,0,0,0,0,0,0,20230522,20240513
60,0,0,0,1,0,0,0,20230518,20240516
61,0,0,1,0,0,0,0,20230524,20240515
62,1,1,1,1,1,0,0,20230518,20230609
63,1,1,1,1,1,1,1,20230518,20230610
64,1,1,1,1,1,1,1,20230611,20240517
65,1,0,0,0,0,0,1,20230521,20240513
66,1,0,0,0,0,0,1,20230521,20240513
67,0,0,0,0,0,0,0,20231124,20231124
68,0,0,0,0,0,0,0,20240422,20240422
69,1,0,0,0,0,0,1,20230521,20231030
70,0,0,0,0,1,0,0,20230519,20231027
71,1,1,1,1,1,1,1,20230601,20230630
72,1,0,0,0,0,0,0,20230522,20230626
73,0,0,0,0,0,1,1,20230520,20240512
74,1,0,0,0,0,0,1,20230521,20240513
75,0,1,1,1,0,0,0,20230518,20240516
76,0,0,0,0,0,0,0,20230913,20230913
77,1,0,0,0,0,0,1,20230917,20240513
78,0,0,0,0,1,0,0,20230915,20240517
79,1,1,1,1,0,0,0,20230914,20240516
80,0,0,0,0,0,0,1,20230917,20240512
81,1,1,1,1,1,0,0,20230914,20240517
82,0,0,0,0,1,0,0,20230519,20231110
83,0,0,0,1,0,0,0,20230518,20231109
84,0,1,0,0,0,0,0,20230523,20231114
85,0,0,1,0,0,0,0,20230524,20231108
86,0,0,0,0,0,1,0,20230520,20231111
87,1,1,1,1,1,0,0,20230518,20230707
88,0,0,0,0,0,1,0,20230520,20230708
89,0,0,0,0,0,0,1,20230521,20230702
90,0,0,0,0,1,0,0,20230519,20230707
91,1,1,1,1,1,1,0,20230518,20230810
92,1,1,1,1,1,0,0,20230518,20230810
93,0,0,0,0,0,1,0,20230520,20230805
94,1,1,1,1,1,0,0,20230811,20240517
95,0,0,0,0,0,1,0,20230812,20240511
96,0,0,0,0,0,0,1,20230813,20240512
97,1,1,1,1,1,0,0,20230518,20240411
98,0,0,0,0,0,1,0,20230520,20240406
99,0,0,0,0,0,0,1,20230521,20240407
100,0,0,0,0,0,0,0,20240315,20240517
101,0,0,0,0,0,0,0,20240317,20240513
102,1,0,0,0,0,0,1,20230521,20240311
103,0,0,0,0,1,0,0,20230519,20240308
104,1,0,0,0,0,0,1,20230521,20240311
105,0,0,0,0,0,0,0,20230728,20230818
106,0,0,0,0,0,0,0,20230730,20230820
107,0,0,0,0,0,0,0,20230727,20230817
108,0,0,0,0,1,0,0,20230825,20240517
109,0,0,0,0,0,0,1,20230827,20240512
110,1,1,1,1,1,0,0,20230518,20231129
111,0,0,0,0,0,1,0,20230520,20231125
112,0,0,0,0,0,0,1,20230521,20231126
113,0,0,0,0,1,0,0,20230519,20231124
114,1,1,1,1,1,1,1,20230518,20231129
115,1,1,1,1,1,1,0,20230518,20231129
116,0,1,0,0,0,0,0,20230523,20231128
117,0,0,0,0,0,0,0,20231201,20240517
118,0,0,0,0,0,0,0,20231202,20240511
119,0,0,0,0,0,0,0,20231203,20240512
120,0,0,0,0,0,0,0,20231201,20240517
121,0,0,0,0,0,0,0,20231201,20240517
122,0,0,0,0,0,0,0,20231201,20240517
123,0,0,0,0,0,0,0,20231205,20240514
124,1,1,1,1,1,0,0,20230518,20230814
125,0,0,0,0,0,0,1,20230521,20230813
126,0,0,0,0,1,0,0,20230519,20230811
127,0,0,0,0,0,0,0,20230815,20230908
128,1,1,1,1,1,0,0,20230911,20240517
129,1,1,1,1,1,1,1,20230518,20230906
130,0,1,0,0,0,0,0,20230523,20230530
131,1,0,0,0,0,0,1,20230521,20240513
132,1,1,1,1,1,0,0,20230710,20240517
133,0,0,0,0,0,1,0,20230715,20240511
134,0,0,0,0,0,0,1,20230709,20240512
135,0,0,0,0,1,0,0,20230714,20240517
136,1,0,0,0,0,0,1,20230521,20230702
137,1,0,0,0,0,0,0,20230703,20240513
138,0,0,0,0,1,0,0,20230707,20240517
139,1,0,0,0,0,0,1,20230703,20240513
140,0,0,0,1,0,0,0,20230706,20240516
141,1,1,1,1,1,1,1,20230518,20230826
142,1,1,1,1,1,0,0,20230518,20230825
143,0,0,0,0,1,0,0,20230519,20230825
144,0,0,0,0,0,0,0,20230827,20230915
145,0,0,0,0,0,0,0,20230828,20230915
146,0,0,0,0,0,0,0,20230901,20230915
147,0,0,0,0,0,0,0,20231117,20240308
148,0,0,0,0,0,0,0,20231116,20240307
149,0,0,0,0,0,0,0,20231121,20240312
150,0,0,0,0,0,0,0,20231115,20240306
151,0,0,0,0,0,0,0,20231118,20240309
152,0,0,0,0,0,0,0,20240314,20240516
153,0,0,0,0,0,0,0,20240319,20240514
154,0,0,0,0,0,0,0,20240313,20240515
155,0,0,0,0,0,0,0,20240316,20240511
156,1,1,1,1,1,1,1,20230916,20240517
157,1,0,0,0,0,0,1,20230521,20230828
158,0,0,0,0,1,0,0,20230519,20230901
159,0,0,0,0,0,0,1,20230521,20230827
160,1,1,1,1,1,0,0,20230518,20240329
161,0,0,0,0,1,0,0,20230519,20240329
162,0,0,0,0,0,1,0,20230520,20240330
163,1,0,0,0,0,0,1,20230521,20240325
164,0,0,0,0,0,0,1,20230521,20240324
165,0,0,0,0,0,0,0,20240401,20240517
166,0,0,0,0,0,0,0,20240405,20240517
167,0,0,0,0,0,0,0,20240406,20240511
168,0,0,0,0,0,0,0,20240331,20240513
169,0,0,0,0,0,0,0,20240331,20240512
170,1,1,1,1,1,0,0,20230518,20240213
171,0,0,0,0,0,1,0,20230520,20240210
172,0,0,0,0,0,0,1,20230521,20240211
173,0,0,0,0,1,0,0,20230519,20240209
174,1,1,1,1,1,0,0,20230518,20240213
175,1,0,0,0,0,0,1,20230521,20240212
176,0,0,0,0,0,0,0,20240214,20240503
177,0,0,0,0,0,0,0,20240217,20240504
178,0,0,0,0,0,0,0,20240218,20240428
179,0,0,0,0,0,0,0,20240216,20240503
180,1,1,1,1,1,1,1,20230518,20231020
181,0,0,0,0,1,0,0,20230519,20231020
182,0,0,0,0,0,1,1,20230520,20231015
183,1,1,1,1,1,0,0,20230518,20231020
184,0,0,0,0,0,1,0,20230520,20231014
185,0,0,0,0,0,0,1,20230521,20231015
186,0,0,0,1,0,0,0,20230518,20231019
187,0,1,0,0,0,0,0,20230523,20231017
188,1,0,0,0,0,0,1,20230521,20231127
189,0,0,0,1,0,0,0,20230518,20231130
190,0,0,0,0,0,0,0,20231203,20231211
191,0,0,0,0,0,0,0,20231201,20231208
192,0,0,0,0,0,0,0,20231207,20231214
193,0,0,0,0,0,0,0,20231215,20240119
194,0,0,0,0,0,0,0,20231221,20240118
195,0,0,0,0,0,0,0,20231217,20240121
196,0,0,0,0,0,0,0,20240126,20240426
197,0,0,0,0,0,0,0,20240125,20240425
198,0,0,0,0,0,0,0,20240122,20240429
199,0,0,0,0,0,0,0,20240503,20240517
200,0,0,0,0,0,0,0,20240502,20240516
201,0,0,0,0,0,0,0,20240505,20240513
202,0,0,0,0,0,0,0,20240505,20240517
203,0,0,0,0,1,0,0,20230519,20230721
204,0,0,0,0,0,0,1,20230521,20230723
205,0,0,0,1,0,0,0,20230518,20230720
206,1,1,1,1,1,0,0,20230518,20230724
208,0,0,0,0,0,0,1,20231105,20240512
209,0,0,0,0,1,0,0,20231103,20240517
210,1,1,1,1,0,0,0,20230518,20230629
211,0,0,0,0,0,1,1,20230520,20230625
212,1,0,0,0,1,0,1,20230521,20240517
213,0,0,0,0,1,0,0,20230519,20230818
214,1,0,0,0,0,0,0,20230522,20230814
215,0,1,0,0,0,0,0,20230523,20230815
216,0,0,1,0,0,0,0,20230524,20230816
217,0,0,0,1,0,0,0,20230518,20230817
218,0,0,0,0,0,1,0,20230520,20230819
232,1,0,0,0,1,0,1,20230521,20240517
248,0,0,0,0,0,0,0,20240423,20240517
249,0,0,0,0,0,0,0,20240426,20240517
250,0,0,0,0,0,0,0,20240429,20240513
251,0,0,0,0,0,0,0,20240427,20240512
252,0,0,0,0,0,0,0,20240423,20240516
253,0,0,0,0,0,0,0,20231125,20240422
254,0,0,0,0,0,0,0,20231201,20240419
255,0,0,0,0,0,0,0,20231127,20240422
256,0,0,0,0,0,0,0,20231125,20240421
257,0,0,0,0,0,0,0,20231128,20240418
258,0,0,0,0,0,1,1,20230520,20240512
259,1,1,1,1,0,0,0,20230518,20230831
260,1,1,1,1,1,1,1,20230518,20231124
261,1,0,0,0,0,0,0,20230522,20231120
262,0,0,0,0,0,1,1,20230520,20231119
263,0,1,1,1,0,0,0,20230518,20231123
264,0,0,0,0,0,1,0,20230520,20230520
275,1,0,0,0,0,0,0,20230529,20231218
276,0,1,0,0,0,0,0,20230530,20231219
277,0,0,1,0,0,0,0,20230531,20231220
278,0,0,0,1,0,0,0,20230601,20231221
279,0,0,0,0,1,0,0,20230602,20231222
280,0,0,0,0,0,1,0,20230603,20231223
281,0,0,0,0,0,0,1,20230528,20231224
282,1,1,1,1,1,0,0,20230522,20230825
283,0,0,0,0,0,1,0,20230527,20230826
284,0,0,0,0,0,0,1,20230521,20230820
285,1,1,1,1,1,0,0,20230518,20230619
286,1,0,0,0,0,0,0,20230522,20230619
287,1,1,1,1,1,1,0,20230518,20230619
288,0,0,0,0,1,0,0,20230519,20230616
289,0,0,0,0,0,1,0,20230520,20230617
290,0,0,0,0,0,0,1,20230521,20230618
291,0,0,0,0,0,0,1,20230521,20230618
292,0,0,0,1,0,0,0,20230518,20230615
293,0,1,0,0,0,0,0,20230523,20230613
294,0,0,1,0,0,0,0,20230524,20230614
295,1,1,1,1,1,0,0,20230518,20230619
296,1,1,1,1,1,1,1,20230518,20230619
297,1,1,1,1,1,0,0,20230620,20231020
298,1,0,0,0,0,0,0,20230626,20231016
299,1,1,1,1,1,1,0,20230620,20231020
300,0,0,0,0,1,0,0,20230623,20231020
301,0,0,0,0,0,1,0,20230624,20231014
302,1,0,0,0,1,0,1,20230625,20231020
303,0,0,0,0,0,0,1,20230625,20231015
304,0,0,0,1,0,0,0,20230622,20231019
305,0,1,0,0,0,0,0,20230620,20231017
306,0,0,1,0,0,0,0,20230621,20231018
307,0,0,0,0,0,0,0,20230620,20230630
308,0,0,0,0,0,0,0,20230624,20230624
309,1,1,1,1,1,1,1,20230620,20231020
310,0,0,0,0,0,0,0,20231023,20231120
311,0,0,0,0,0,0,0,20231023,20231120
312,0,0,0,0,0,0,0,20231021,20231120
313,0,0,0,0,0,0,0,20231027,20231117
314,0,0,0,0,0,0,0,20231021,20231118
315,0,0,0,0,0,0,0,20231022,20231120
316,0,0,0,0,0,0,0,20231022,20231119
317,0,0,0,0,0,0,0,20231026,20231116
318,0,0,0,0,0,0,0,20231024,20231114
319,0,0,0,0,0,0,0,20231025,20231115
320,0,0,0,0,0,0,0,20231021,20231120
321,1,0,0,0,1,0,1,20230519,20230630
322,0,0,0,0,0,1,0,20230520,20231230
323,0,0,0,1,0,0,0,20230601,20231228
324,0,0,0,0,1,0,0,20230602,20231229
325,0,0,1,0,0,0,0,20230531,20231227
326,0,0,0,0,0,0,1,20230528,20231226
327,0,0,0,0,1,1,0,20230519,20230630
328,1,1,1,1,1,1,1,20230522,20230630
329,1,1,1,1,1,1,0,20230522,20230630
330,0,0,0,0,0,0,1,20230528,20230625
331,1,1,1,1,1,0,0,20230522,20230630
332,1,1,0,1,1,0,0,20230518,20240517
333,1,1,1,1,1,0,0,20230601,20240517
334,0,0,0,0,0,1,0,20230603,20240511
335,1,0,0,0,1,0,1,20230519,20240517
336,1,0,0,0,0,0,1,20230604,20240513
337,0,0,0,0,1,0,0,20230602,20240517
338,1,1,1,1,1,0,0,20230518,20231208
339,0,0,0,0,0,1,0,20230520,20231209
340,0,0,0,0,0,0,0,20230930,20230930
341,0,0,0,0,0,0,1,20230521,20231203
342,0,0,0,0,0,0,0,20230605,20230605
343,0,0,0,0,0,0,0,20230807,20230807
344,0,0,0,0,0,0,0,20231030,20231030
345,0,0,0,0,0,0,0,20231001,20231001
346,0,0,0,0,0,1,0,20230527,20231209
347,1,1,1,1,1,0,0,20230518,20231208
348,0,0,0,0,1,0,0,20230519,20230519
349,0,0,0,0,0,0,0,20230619,20230619
350,0,0,0,0,0,1,0,20230520,20231209
351,1,1,1,1,1,1,0,20230518,20231209
352,0,0,0,0,0,0,1,20230528,20230528
353,0,0,0,0,0,0,1,20230521,20231203
354,1,1,1,1,1,0,0,20230518,20231208
355,0,0,0,0,0,1,0,20230603,20231209
356,0,0,0,0,0,1,0,20230527,20230527
357,0,0,0,0,0,1,0,20230527,20231209
358,1,1,1,1,1,1,0,20230518,20231209
359,1,1,1,1,1,1,0,20230518,20231209
360,1,1,1,1,1,1,0,20230518,20231209
361,0,0,0,0,0,0,1,20230528,20231203
362,1,1,1,1,1,1,0,20230518,20231209
363,1,1,1,1,1,1,0,20230518,20231209
364,1,1,1,1,1,1,0,20230518,20231209
365,0,0,0,0,0,1,0,20230527,20231209
366,1,1,1,1,0,1,0,20230518,20231209
367,0,0,0,0,1,0,0,20230519,20231208
368,1,1,1,1,1,1,0,20230518,20231209
369,1,1,1,1,1,0,0,20230518,20231208
370,1,1,1,1,0,0,0,20230522,20230525
371,1,1,1,0,0,0,0,20230529,20230601
372,0,0,0,0,0,0,0,20230619,20230622
373,0,0,0,0,0,0,0,20230626,20230629
374,1,1,1,1,1,1,0,20230518,20231209
375,1,1,1,1,1,1,0,20230518,20231209
376,1,1,1,1,1,1,0,20230518,20231209
377,0,0,0,0,0,0,1,20230604,20231203
378,1,1,1,1,0,1,0,20230518,20231209
379,1,1,1,1,0,0,0,20230518,20231207
380,1,1,1,1,0,0,0,20230518,20231207
381,1,1,1,1,1,0,0,20230522,20231208
382,0,0,0,0,1,0,0,20230526,20230526
383,0,0,0,0,0,0,1,20230521,20231203
384,1,1,1,1,0,1,0,20230518,20231209
385,0,0,1,0,0,0,0,20230531,20230531
386,1,1,1,1,1,1,0,20230518,20231209
387,1,1,1,1,1,1,0,20230518,20231209
388,1,1,1,1,1,0,0,20230518,20231208
389,1,1,1,1,1,1,0,20230518,20231209
390,1,1,1,1,1,1,0,20230518,20231209
391,1,1,1,1,1,1,0,20230518,20231209
392,0,0,0,0,0,0,1,20230521,20231203
393,1,0,0,0,0,0,0,20230522,20231204
394,0,1,1,1,1,0,0,20230518,20231208
395,0,0,0,0,1,1,0,20230519,20231209
396,1,1,1,1,1,1,0,20230518,20231209
397,1,1,1,1,1,1,0,20230518,20231209
398,0,0,0,0,0,0,0,20230616,20230616
399,1,1,1,1,0,1,0,20230518,20231209
